      0/99     4.43G    0.0517   0.01952   0.01262   0.08384        32       640  0.005846    0.0122 0.0006354 0.0001005    0.0547   0.01607   0.01068
      1/99     14.3G   0.04374    0.0167   0.01333   0.07377        41       640   0.03918   0.06724   0.01873  0.006774   0.04547   0.01328   0.01018
      2/99     14.3G    0.0434   0.01458    0.0127   0.07069        31       640    0.1077    0.3564   0.08474   0.02267   0.04522   0.01155   0.01008
      3/99     14.3G   0.03755    0.0134   0.01173   0.06269        31       640    0.2828    0.3552    0.2383   0.07768   0.04043   0.01021  0.009742
      4/99     14.3G   0.03599   0.01273   0.01102   0.05974        24       640    0.4581    0.3359    0.3178    0.1142   0.04475  0.008813   0.01068
      5/99     14.3G   0.03479   0.01129   0.01064   0.05672        26       640    0.3073    0.4275    0.2898   0.09078   0.04469  0.008067  0.009971
      6/99     14.3G   0.03264   0.01051   0.01011   0.05327        24       640    0.3872    0.4225    0.3234     0.125   0.04439  0.007524   0.01015
      7/99     14.3G   0.03701   0.01018   0.01197   0.05916        29       640   0.03156    0.2476   0.03349  0.006132   0.04828  0.007671   0.01006
      8/99     14.4G   0.03483   0.01006   0.01092   0.05582        25       640    0.2043     0.172   0.08448   0.02692   0.05168  0.007522  0.009647
      9/99     14.4G   0.03645  0.009663   0.01071   0.05683        29       640    0.1696    0.1955   0.09563   0.02777   0.06076  0.007859  0.009996
     10/99     14.4G   0.03837   0.00915   0.01091   0.05844        24       640    0.2215    0.1793    0.1301    0.0392   0.05286  0.006716   0.01015
     11/99     14.4G   0.04323  0.009859   0.01112   0.06421        35       640    0.1118    0.1598    0.0444  0.008036   0.05506  0.006215   0.01064
     12/99     14.4G   0.03989  0.008997    0.0104   0.05928        32       640   0.08555    0.1639   0.03188  0.006639    0.0579  0.006977   0.01088
     13/99     14.4G   0.03996  0.009079   0.01064   0.05968        35       640   0.02979   0.03868   0.01141  0.002737   0.05744  0.006562   0.02224
     14/99     14.4G   0.04506  0.009039   0.01158   0.06568        28       640  0.005774   0.07439 0.0008141 0.0001971   0.08047   0.01214      1.01
     15/99     14.4G   0.03997  0.009459   0.01143   0.06086        32       640  0.003331    0.2038  0.001097 0.0002287   0.06922  0.005084   0.09614
     16/99     14.4G   0.03762   0.00935   0.01113    0.0581        23       640    0.1142    0.1577   0.04183   0.01192   0.05266  0.006605   0.01011
     17/99     14.4G     0.042  0.009973   0.01129   0.06327        27       640   0.04695   0.08449    0.0165  0.004229   0.05791  0.006634  0.009572
     18/99     14.4G   0.04527  0.009042   0.01178    0.0661        28       640   0.04423   0.03571   0.01809  0.002605   0.06573  0.006009   0.01062
     19/99     14.4G   0.03828  0.009286    0.0103   0.05787        37       640   0.04454    0.1131   0.01797  0.003481    0.0593  0.006314   0.01043
     20/99     14.4G   0.04614  0.009043   0.01133   0.06651        34       640   0.03201    0.1223   0.01536  0.003536   0.05103  0.006864   0.01016
     21/99     14.4G   0.04681  0.009344   0.01145   0.06761        32       640   0.02066   0.08996   0.01597  0.003663   0.05733  0.006369   0.01085
     22/99     14.4G   0.03971  0.009257   0.01126   0.06022        35       640   0.07196   0.02143  0.008461   0.00204   0.07631  0.005503   0.03309
     23/99     14.2G    0.0441  0.009957   0.01097   0.06502        32       640   0.02218    0.1253    0.0135  0.002882   0.05746  0.006364   0.01113
     24/99     14.3G   0.05057  0.008927   0.01098   0.07047        31       640   0.05067   0.09669   0.02197  0.004168   0.06155  0.006267   0.01052
     25/99     14.3G   0.05067  0.009194    0.0104   0.07027        32       640   0.07086    0.1354   0.03207   0.00594   0.06267  0.006329   0.01012
     26/99     14.3G   0.04414  0.009469   0.01081   0.06443        29       640   0.09407    0.1446   0.05113    0.0105   0.06028  0.006258   0.01021
     27/99     14.3G   0.03923  0.009027  0.009739   0.05799        27       640    0.1041    0.1716   0.06197   0.01176   0.05747  0.006338   0.01016
     28/99     14.3G   0.03527  0.008396  0.009017   0.05268        22       640   0.07577    0.1009   0.03077  0.007914   0.06642  0.008739   0.02322
     29/99     14.3G   0.04114   0.00862  0.009976   0.05973        30       640   0.04224   0.03153  0.006864 0.0009687   0.06731  0.005571   0.01329
     30/99     14.3G   0.04368   0.00944   0.01034   0.06346        29       640   0.03541   0.08031   0.01158  0.002697   0.06223  0.005876   0.01428
     31/99     14.3G   0.03526  0.008897  0.008115   0.05227        32       640    0.1513     0.169   0.06865   0.01594   0.06105  0.005584   0.01404
     32/99     14.3G   0.04085  0.009369    0.0102   0.06042        27       640    0.1661    0.1484   0.07833     0.017   0.05057   0.00671  0.009697
     33/99     14.3G   0.04365  0.008883   0.01024   0.06278        33       640   0.01713   0.08868  0.009229  0.001718   0.05295  0.006998   0.01097
     34/99     14.3G   0.03724  0.009361  0.009334   0.05594        36       640  0.009215    0.0622  0.004963 0.0006694   0.06141  0.006087    0.0132
     35/99     14.3G   0.03902  0.008966  0.008982   0.05697        27       640   0.01364    0.1274  0.004173 0.0007159   0.06848   0.00808    0.0205
     36/99     14.3G   0.04172  0.009562  0.009682   0.06096        27       640   0.07649    0.1131   0.03271  0.004638   0.05149  0.007446   0.01271
     37/99     14.3G   0.03836  0.009467   0.01066   0.05849        30       640   0.01195    0.2294  0.007372   0.00119   0.05201  0.007042   0.01096
     38/99     14.3G   0.03725  0.008965  0.009896   0.05611        31       640   0.06529   0.06934   0.02441  0.005031   0.05621  0.006545  0.009745
     39/99     14.3G   0.03896  0.008918   0.01011   0.05799        28       640   0.09074   0.08947   0.05311   0.01897   0.06388  0.007617   0.01227
     40/99     14.3G   0.04072  0.009046  0.009311   0.05908        27       640   0.01632   0.08868  0.009393  0.001635   0.06342    0.0109   0.05128
     41/99     14.3G   0.03531  0.009088  0.008732   0.05313        36       640    0.0393    0.2098   0.02333  0.004479   0.05661  0.009609   0.03596
     42/99     14.3G   0.03694  0.008943   0.01014   0.05602        25       640    0.1907   0.05505   0.02626   0.00602   0.05753  0.007851   0.02662
     43/99     14.3G   0.04047  0.008892   0.01003   0.05939        36       640   0.08006    0.1803   0.05395   0.01047   0.05022  0.006857   0.01028
     44/99     14.3G   0.03709  0.008596  0.009109    0.0548        22       640   0.05252    0.1476   0.04752   0.01379   0.05534  0.007273   0.01268
     45/99     14.3G   0.03619  0.009084    0.0085   0.05378        28       640    0.0496    0.2779   0.05066   0.01263   0.05655  0.006154   0.01051
     46/99     14.3G   0.03739  0.008524  0.009721   0.05563        31       640   0.09812    0.2052   0.06847   0.01351   0.06176  0.005908  0.009816
     47/99     14.3G   0.03674  0.008802  0.009346   0.05488        23       640     0.152     0.224    0.1082   0.01857   0.06592  0.005751    0.0099
     48/99     14.3G   0.03529  0.008901  0.008309    0.0525        18       640     0.255     0.116   0.08652   0.02429    0.0677  0.005645  0.009755
     49/99     14.3G   0.03647  0.008651  0.007702   0.05282        30       640    0.2058    0.1618     0.107   0.03265   0.06605  0.005727  0.009718
     50/99     14.3G   0.02951  0.008809  0.008677   0.04699        29       640     0.145    0.1883   0.09511   0.02723   0.06269   0.00589  0.009718
     51/99     14.3G   0.03688  0.008975  0.008778   0.05463        31       640    0.1303    0.3044     0.111   0.02327   0.06109  0.005989  0.009411
     52/99     14.3G   0.03234  0.008114  0.008699   0.04916        22       640    0.1968    0.2484    0.1509   0.04336    0.0598   0.00584  0.008789
     53/99     14.3G   0.03257  0.008991  0.008591   0.05016        23       640    0.1995    0.3251    0.1712   0.04524    0.0576  0.006095   0.00829
     54/99     14.3G   0.03255   0.00885  0.008286   0.04969        24       640    0.2054    0.2901    0.1752   0.05012   0.05695  0.006174  0.008062
     55/99     14.3G   0.03322  0.008771  0.008729   0.05072        29       640    0.2224    0.2568    0.1509   0.03645   0.05748  0.006021  0.008047
     56/99     14.3G   0.03208  0.008528  0.008402   0.04901        28       640    0.1772    0.3315    0.1647    0.0431   0.05692  0.005974  0.008538
     57/99     14.3G   0.03524  0.008334  0.008971   0.05254        22       640    0.2314    0.2434    0.1626   0.04766   0.05521  0.005936  0.008797
     58/99     14.3G   0.03147  0.009104  0.007943   0.04852        27       640    0.3405    0.2413    0.2161   0.06006   0.05453   0.00596  0.008956
     59/99     14.3G   0.03077  0.008482   0.00808   0.04733        20       640    0.3055    0.2254    0.2146   0.07666   0.05451  0.005896  0.008803
     60/99     14.3G   0.02965   0.00864  0.009199   0.04749        28       640    0.3191    0.2871    0.2635   0.07787   0.05445  0.005901  0.008379
     61/99     14.3G   0.03045  0.008489  0.008071   0.04701        30       640    0.5134    0.2148    0.2319   0.06584   0.05409  0.005833  0.008705
     62/99     14.3G   0.03317  0.008253   0.01015   0.05157        25       640    0.2278    0.3452    0.2081   0.06786   0.05294  0.005719  0.008889
     63/99     14.3G   0.03003  0.008115  0.008955    0.0471        23       640    0.2546     0.343    0.2492   0.08719   0.05155  0.005691  0.008875
     64/99     14.3G   0.02981  0.008366  0.008345   0.04652        34       640    0.2035    0.5316    0.2349   0.07271   0.05111  0.005848  0.008469
     65/99     14.3G   0.03844  0.008943  0.008861   0.05625        30       640    0.1648    0.3871    0.1798   0.05482   0.05118  0.005901  0.008788
     66/99     14.3G    0.0316  0.008586  0.008008   0.04819        23       640    0.2522     0.375    0.2591   0.08258   0.05052  0.005964  0.008518
     67/99     14.3G   0.03122  0.008859  0.008677   0.04876        31       640    0.2486    0.3564    0.2315   0.07755   0.05185  0.005882  0.008804
     68/99     14.3G   0.02769  0.008402  0.008222   0.04431        33       640    0.2861    0.4166    0.2528   0.08293   0.05181  0.005953  0.009033
     69/99     14.3G   0.03043  0.008708  0.008338   0.04748        27       640    0.4198    0.3025    0.3167    0.1102   0.05038  0.005942  0.009329
     70/99     14.3G   0.03065  0.008521  0.008003   0.04717        22       640     0.317    0.3451    0.3133    0.1069   0.04808   0.00607  0.009488
     71/99     14.3G   0.02901  0.008517  0.008343   0.04587        35       640    0.3242     0.385    0.2803    0.1048   0.04768  0.005909  0.009446
     72/99     14.3G    0.0293  0.008786  0.008298   0.04638        33       640    0.3351    0.3585    0.2705    0.1063   0.04835  0.005832  0.009254
     73/99     14.3G   0.02965  0.008613  0.007855   0.04612        33       640    0.4082    0.2934    0.2544   0.08804   0.04817  0.005869   0.00873
     74/99     14.3G   0.02788  0.008639  0.008062   0.04458        26       640    0.3226    0.3862    0.2742   0.09833   0.04823  0.005764   0.00823
     75/99     14.3G    0.0313  0.008267  0.008733    0.0483        30       640    0.3492    0.4249    0.2813    0.1011   0.04739  0.005788  0.008174
     76/99     14.3G   0.03124  0.008474  0.008606   0.04832        26       640    0.3491    0.4912    0.3411    0.1359   0.04618  0.005849  0.008231
     77/99     14.3G   0.03059   0.00852  0.007766   0.04688        27       640    0.4514    0.4037     0.367    0.1427   0.04581  0.005786  0.008501
     78/99     14.3G   0.03188  0.008598  0.008067   0.04855        21       640    0.5546    0.3014    0.3407    0.1397   0.04615  0.005863  0.008927
     79/99     14.3G   0.03298  0.008596  0.008485   0.05007        21       640     0.489    0.3367    0.3474     0.136   0.04702  0.005957   0.00904
     80/99     14.3G   0.02832  0.008347  0.007453   0.04412        29       640    0.5112    0.4164    0.3734     0.147   0.04842  0.005722  0.008991
     81/99     14.3G    0.0314  0.008906  0.008685   0.04899        40       640    0.5447    0.4044    0.3851    0.1533   0.04882  0.005747  0.008642
     82/99     14.3G   0.03765   0.00838   0.00994   0.05597        24       640    0.4309    0.4388    0.3773    0.1631   0.04874  0.005755  0.008596
     83/99     14.3G   0.02766  0.008393   0.00708   0.04313        31       640    0.5813    0.3472    0.3854    0.1477   0.04946  0.005607  0.008478
     84/99     14.3G   0.02693    0.0085  0.007442   0.04288        27       640    0.4347    0.4537    0.3863    0.1537   0.04937  0.005585  0.008275
     85/99     14.3G    0.0303  0.008312  0.008577   0.04719        29       640    0.5145    0.4278    0.3882    0.1345   0.04879  0.005894  0.008685
     86/99     14.3G   0.03044  0.008463  0.008087   0.04698        41       640    0.4242    0.5316    0.4297    0.1313   0.04807  0.005852  0.008461
     87/99     14.3G   0.03065  0.008536  0.008053   0.04724        26       640     0.499    0.4847    0.4316    0.1605   0.04792  0.005734  0.008479
     88/99     14.3G   0.03163  0.008762  0.007539   0.04793        29       640    0.4738    0.4439    0.4173    0.1505   0.04814  0.005723  0.008728
     89/99     14.3G   0.03336  0.008381  0.008059    0.0498        36       640    0.3946    0.5048    0.3937    0.1477   0.04855  0.005602  0.008687
     90/99     14.3G   0.03201  0.008129  0.008401   0.04854        31       640     0.414    0.4555    0.3645    0.1318   0.04864  0.005562  0.009018
     91/99     14.3G   0.02611  0.008193   0.00699   0.04129        31       640    0.4399    0.3991    0.3326    0.1265   0.04807   0.00556  0.009174
     92/99     14.3G   0.02579  0.008074  0.007555   0.04142        23       640    0.5117    0.4195    0.3921    0.1537   0.04717  0.005496   0.00899
     93/99     14.3G   0.02831  0.008302   0.00831   0.04492        38       640    0.4362    0.4665    0.4184    0.1587    0.0465  0.005546  0.008754
     94/99     14.3G   0.03353  0.008344  0.008261   0.05014        32       640    0.4272    0.4409    0.4086     0.172   0.04589  0.005541  0.008765
     95/99     14.3G   0.03054  0.008479  0.007041   0.04606        28       640    0.5386    0.4167    0.4467    0.1746   0.04519  0.005584  0.008754
     96/99     14.3G   0.02624  0.008373  0.008241   0.04286        33       640    0.5167    0.4351    0.4566    0.1802   0.04467  0.005596  0.008616
     97/99     14.3G   0.02954  0.008065   0.01015   0.04775        31       640    0.5864    0.3951    0.4627    0.1749   0.04474  0.005609  0.008526
     98/99     14.3G   0.02784  0.008583  0.007021   0.04345        29       640    0.6627    0.3767    0.4847    0.1885   0.04431  0.005656  0.008608
     99/99     14.3G   0.02779  0.008463  0.007668   0.04392        36       640    0.5773    0.4124    0.4566    0.1886   0.04441  0.005648  0.008513
